Dict{Any, Any}
[3.4641016151377553, 5.773502691896258, 8.082903768654763]=>Main.Generator.Node(StaticArraysCore.SVector{3, Float64}[[2.3094010767585034, 4.618802153517007, 6.9282032302755105], [2.3094010767585034, 6.9282032302755105, 9.237604307034013], [4.618802153517007, 6.9282032302755105, 6.9282032302755105], [4.618802153517007, 4.618802153517007, 9.237604307034013]], Any[], Any[], 0.0)
[1.1547005383792517, 5.773502691896258, 5.773502691896258]=>Main.Generator.Node(StaticArraysCore.SVector{3, Float64}[[2.3094010767585034, 6.9282032302755105, 4.618802153517007], [2.3094010767585034, 4.618802153517007, 6.9282032302755105], [0.0, 6.9282032302755105, 6.9282032302755105], [0.0, 4.618802153517007, 4.618802153517007]], Any[], Any[], 0.0)
[0.0, 2.3094010767585034, 2.3094010767585034]=>Main.Generator.Node(StaticArraysCore.SVector{3, Float64}[[1.1547005383792517, 1.1547005383792517, 1.1547005383792517], [1.1547005383792517, 3.4641016151377553, 3.4641016151377553]], Any[], Any[], 0.0)
[2.3094010767585034, 6.9282032302755105, 4.618802153517007]=>Main.Generator.Node(StaticArraysCore.SVector{3, Float64}[[3.4641016151377553, 5.773502691896258, 3.4641016151377553], [1.1547005383792517, 5.773502691896258, 5.773502691896258], [3.4641016151377553, 8.082903768654763, 5.773502691896258], [1.1547005383792517, 8.082903768654763, 3.4641016151377553]], Any[], Any[], 0.0)
[4.618802153517007, 4.618802153517007, 9.237604307034013]=>Main.Generator.Node(StaticArraysCore.SVector{3, Float64}[[3.4641016151377553, 5.773502691896258, 8.082903768654763], [5.773502691896258, 3.4641016151377553, 8.082903768654763]], Any[], Any[], 0.0)
[9.237604307034013, 6.9282032302755105, 6.9282032302755105]=>Main.Generator.Node(StaticArraysCore.SVector{3, Float64}[[8.082903768654763, 8.082903768654763, 5.773502691896258], [8.082903768654763, 5.773502691896258, 8.082903768654763]], Any[], Any[], 0.0)
[5.773502691896258, 8.082903768654763, 3.4641016151377553]=>Main.Generator.Node(StaticArraysCore.SVector{3, Float64}[[6.9282032302755105, 6.9282032302755105, 4.618802153517007], [6.9282032302755105, 9.237604307034013, 2.3094010767585034], [4.618802153517007, 6.9282032302755105, 2.3094010767585034], [4.618802153517007, 9.237604307034013, 4.618802153517007]], Any[], Any[], 0.0)
[5.773502691896258, 1.1547005383792517, 1.1547005383792517]=>Main.Generator.Node(StaticArraysCore.SVector{3, Float64}[[6.9282032302755105, 0.0, 2.3094010767585034], [6.9282032302755105, 2.3094010767585034, 0.0], [4.618802153517007, 0.0, 0.0], [4.618802153517007, 2.3094010767585034, 2.3094010767585034]], Any[], Any[], 0.0)
[8.082903768654763, 1.1547005383792517, 8.082903768654763]=>Main.Generator.Node(StaticArraysCore.SVector{3, Float64}[[9.237604307034013, 0.0, 9.237604307034013], [9.237604307034013, 2.3094010767585034, 6.9282032302755105], [6.9282032302755105, 2.3094010767585034, 9.237604307034013], [6.9282032302755105, 0.0, 6.9282032302755105]], Any[], Any[], 0.0)
[2.3094010767585034, 6.9282032302755105, 0.0]=>Main.Generator.Node(StaticArraysCore.SVector{3, Float64}[[1.1547005383792517, 5.773502691896258, 1.1547005383792517], [3.4641016151377553, 8.082903768654763, 1.1547005383792517]], Any[], Any[], 0.0)
[2.3094010767585034, 0.0, 6.9282032302755105]=>Main.Generator.Node(StaticArraysCore.SVector{3, Float64}[[1.1547005383792517, 1.1547005383792517, 5.773502691896258], [3.4641016151377553, 1.1547005383792517, 8.082903768654763]], Any[], Any[], 0.0)
[3.4641016151377553, 1.1547005383792517, 3.4641016151377553]=>Main.Generator.Node(StaticArraysCore.SVector{3, Float64}[[2.3094010767585034, 2.3094010767585034, 4.618802153517007], [2.3094010767585034, 0.0, 2.3094010767585034], [4.618802153517007, 2.3094010767585034, 2.3094010767585034], [4.618802153517007, 0.0, 4.618802153517007]], Any[], Any[], 0.0)
[9.237604307034013, 6.9282032302755105, 2.3094010767585034]=>Main.Generator.Node(StaticArraysCore.SVector{3, Float64}[[8.082903768654763, 5.773502691896258, 3.4641016151377553], [8.082903768654763, 8.082903768654763, 1.1547005383792517]], Any[], Any[], 0.0)
[5.773502691896258, 3.4641016151377553, 3.4641016151377553]=>Main.Generator.Node(StaticArraysCore.SVector{3, Float64}[[6.9282032302755105, 2.3094010767585034, 4.618802153517007], [4.618802153517007, 4.618802153517007, 4.618802153517007], [6.9282032302755105, 4.618802153517007, 2.3094010767585034], [4.618802153517007, 2.3094010767585034, 2.3094010767585034]], Any[], Any[], 0.0)
[2.3094010767585034, 9.237604307034013, 6.9282032302755105]=>Main.Generator.Node(StaticArraysCore.SVector{3, Float64}[[1.1547005383792517, 8.082903768654763, 8.082903768654763], [3.4641016151377553, 8.082903768654763, 5.773502691896258]], Any[], Any[], 0.0)
[4.618802153517007, 0.0, 4.618802153517007]=>Main.Generator.Node(StaticArraysCore.SVector{3, Float64}[[3.4641016151377553, 1.1547005383792517, 3.4641016151377553], [5.773502691896258, 1.1547005383792517, 5.773502691896258]], Any[], Any[], 0.0)
[6.9282032302755105, 6.9282032302755105, 4.618802153517007]=>Main.Generator.Node(StaticArraysCore.SVector{3, Float64}[[5.773502691896258, 5.773502691896258, 5.773502691896258], [8.082903768654763, 5.773502691896258, 3.4641016151377553], [8.082903768654763, 8.082903768654763, 5.773502691896258], [5.773502691896258, 8.082903768654763, 3.4641016151377553]], Any[], Any[], 0.0)
[2.3094010767585034, 0.0, 2.3094010767585034]=>Main.Generator.Node(StaticArraysCore.SVector{3, Float64}[[1.1547005383792517, 1.1547005383792517, 1.1547005383792517], [3.4641016151377553, 1.1547005383792517, 3.4641016151377553]], Any[], Any[], 0.0)
[9.237604307034013, 0.0, 9.237604307034013]=>Main.Generator.Node(StaticArraysCore.SVector{3, Float64}[[8.082903768654763, 1.1547005383792517, 8.082903768654763]], Any[], Any[], 0.0)
[0.0, 6.9282032302755105, 6.9282032302755105]=>Main.Generator.Node(StaticArraysCore.SVector{3, Float64}[[1.1547005383792517, 8.082903768654763, 8.082903768654763], [1.1547005383792517, 5.773502691896258, 5.773502691896258]], Any[], Any[], 0.0)
[3.4641016151377553, 8.082903768654763, 1.1547005383792517]=>Main.Generator.Node(StaticArraysCore.SVector{3, Float64}[[4.618802153517007, 6.9282032302755105, 2.3094010767585034], [2.3094010767585034, 6.9282032302755105, 0.0], [2.3094010767585034, 9.237604307034013, 2.3094010767585034], [4.618802153517007, 9.237604307034013, 0.0]], Any[], Any[], 0.0)
[5.773502691896258, 5.773502691896258, 1.1547005383792517]=>Main.Generator.Node(StaticArraysCore.SVector{3, Float64}[[6.9282032302755105, 4.618802153517007, 2.3094010767585034], [6.9282032302755105, 6.9282032302755105, 0.0], [4.618802153517007, 6.9282032302755105, 2.3094010767585034], [4.618802153517007, 4.618802153517007, 0.0]], Any[], Any[], 0.0)
[4.618802153517007, 9.237604307034013, 4.618802153517007]=>Main.Generator.Node(StaticArraysCore.SVector{3, Float64}[[3.4641016151377553, 8.082903768654763, 5.773502691896258], [5.773502691896258, 8.082903768654763, 3.4641016151377553]], Any[], Any[], 0.0)
[4.618802153517007, 0.0, 0.0]=>Main.Generator.Node(StaticArraysCore.SVector{3, Float64}[[5.773502691896258, 1.1547005383792517, 1.1547005383792517]], Any[], Any[], 0.0)
[6.9282032302755105, 6.9282032302755105, 0.0]=>Main.Generator.Node(StaticArraysCore.SVector{3, Float64}[[5.773502691896258, 5.773502691896258, 1.1547005383792517], [8.082903768654763, 8.082903768654763, 1.1547005383792517]], Any[], Any[], 0.0)
[2.3094010767585034, 9.237604307034013, 2.3094010767585034]=>Main.Generator.Node(StaticArraysCore.SVector{3, Float64}[[3.4641016151377553, 8.082903768654763, 1.1547005383792517], [1.1547005383792517, 8.082903768654763, 3.4641016151377553]], Any[], Any[], 0.0)
[8.082903768654763, 5.773502691896258, 8.082903768654763]=>Main.Generator.Node(StaticArraysCore.SVector{3, Float64}[[9.237604307034013, 4.618802153517007, 9.237604307034013], [6.9282032302755105, 4.618802153517007, 6.9282032302755105], [6.9282032302755105, 6.9282032302755105, 9.237604307034013], [9.237604307034013, 6.9282032302755105, 6.9282032302755105]], Any[], Any[], 0.0)
[6.9282032302755105, 0.0, 6.9282032302755105]=>Main.Generator.Node(StaticArraysCore.SVector{3, Float64}[[5.773502691896258, 1.1547005383792517, 5.773502691896258], [8.082903768654763, 1.1547005383792517, 8.082903768654763]], Any[], Any[], 0.0)
[1.1547005383792517, 8.082903768654763, 8.082903768654763]=>Main.Generator.Node(StaticArraysCore.SVector{3, Float64}[[0.0, 6.9282032302755105, 6.9282032302755105], [2.3094010767585034, 6.9282032302755105, 9.237604307034013], [2.3094010767585034, 9.237604307034013, 6.9282032302755105], [0.0, 9.237604307034013, 9.237604307034013]], Any[], Any[], 0.0)
[2.3094010767585034, 4.618802153517007, 6.9282032302755105]=>Main.Generator.Node(StaticArraysCore.SVector{3, Float64}[[1.1547005383792517, 3.4641016151377553, 8.082903768654763], [3.4641016151377553, 3.4641016151377553, 5.773502691896258], [3.4641016151377553, 5.773502691896258, 8.082903768654763], [1.1547005383792517, 5.773502691896258, 5.773502691896258]], Any[], Any[], 0.0)
[4.618802153517007, 9.237604307034013, 0.0]=>Main.Generator.Node(StaticArraysCore.SVector{3, Float64}[[3.4641016151377553, 8.082903768654763, 1.1547005383792517]], Any[], Any[], 0.0)
[3.4641016151377553, 5.773502691896258, 3.4641016151377553]=>Main.Generator.Node(StaticArraysCore.SVector{3, Float64}[[2.3094010767585034, 4.618802153517007, 2.3094010767585034], [2.3094010767585034, 6.9282032302755105, 4.618802153517007], [4.618802153517007, 6.9282032302755105, 2.3094010767585034], [4.618802153517007, 4.618802153517007, 4.618802153517007]], Any[], Any[], 0.0)
[0.0, 6.9282032302755105, 2.3094010767585034]=>Main.Generator.Node(StaticArraysCore.SVector{3, Float64}[[1.1547005383792517, 5.773502691896258, 1.1547005383792517], [1.1547005383792517, 8.082903768654763, 3.4641016151377553]], Any[], Any[], 0.0)
[3.4641016151377553, 3.4641016151377553, 1.1547005383792517]=>Main.Generator.Node(StaticArraysCore.SVector{3, Float64}[[2.3094010767585034, 2.3094010767585034, 0.0], [4.618802153517007, 2.3094010767585034, 2.3094010767585034], [2.3094010767585034, 4.618802153517007, 2.3094010767585034], [4.618802153517007, 4.618802153517007, 0.0]], Any[], Any[], 0.0)
[6.9282032302755105, 9.237604307034013, 6.9282032302755105]=>Main.Generator.Node(StaticArraysCore.SVector{3, Float64}[[5.773502691896258, 8.082903768654763, 8.082903768654763], [8.082903768654763, 8.082903768654763, 5.773502691896258]], Any[], Any[], 0.0)
[4.618802153517007, 4.618802153517007, 4.618802153517007]=>Main.Generator.Node(StaticArraysCore.SVector{3, Float64}[[3.4641016151377553, 3.4641016151377553, 5.773502691896258], [3.4641016151377553, 5.773502691896258, 3.4641016151377553], [5.773502691896258, 3.4641016151377553, 3.4641016151377553], [5.773502691896258, 5.773502691896258, 5.773502691896258]], Any[], Any[], 0.0)
[5.773502691896258, 1.1547005383792517, 5.773502691896258]=>Main.Generator.Node(StaticArraysCore.SVector{3, Float64}[[4.618802153517007, 0.0, 4.618802153517007], [6.9282032302755105, 2.3094010767585034, 4.618802153517007], [6.9282032302755105, 0.0, 6.9282032302755105], [4.618802153517007, 2.3094010767585034, 6.9282032302755105]], Any[], Any[], 0.0)
[1.1547005383792517, 3.4641016151377553, 8.082903768654763]=>Main.Generator.Node(StaticArraysCore.SVector{3, Float64}[[0.0, 2.3094010767585034, 6.9282032302755105], [2.3094010767585034, 2.3094010767585034, 9.237604307034013], [0.0, 4.618802153517007, 9.237604307034013], [2.3094010767585034, 4.618802153517007, 6.9282032302755105]], Any[], Any[], 0.0)
[6.9282032302755105, 0.0, 2.3094010767585034]=>Main.Generator.Node(StaticArraysCore.SVector{3, Float64}[[5.773502691896258, 1.1547005383792517, 1.1547005383792517], [8.082903768654763, 1.1547005383792517, 3.4641016151377553]], Any[], Any[], 0.0)
[2.3094010767585034, 4.618802153517007, 2.3094010767585034]=>Main.Generator.Node(StaticArraysCore.SVector{3, Float64}[[1.1547005383792517, 3.4641016151377553, 3.4641016151377553], [3.4641016151377553, 3.4641016151377553, 1.1547005383792517], [3.4641016151377553, 5.773502691896258, 3.4641016151377553], [1.1547005383792517, 5.773502691896258, 1.1547005383792517]], Any[], Any[], 0.0)
[9.237604307034013, 4.618802153517007, 9.237604307034013]=>Main.Generator.Node(StaticArraysCore.SVector{3, Float64}[[8.082903768654763, 5.773502691896258, 8.082903768654763]], Any[], Any[], 0.0)
[4.618802153517007, 4.618802153517007, 0.0]=>Main.Generator.Node(StaticArraysCore.SVector{3, Float64}[[3.4641016151377553, 3.4641016151377553, 1.1547005383792517], [5.773502691896258, 5.773502691896258, 1.1547005383792517]], Any[], Any[], 0.0)
[8.082903768654763, 1.1547005383792517, 3.4641016151377553]=>Main.Generator.Node(StaticArraysCore.SVector{3, Float64}[[9.237604307034013, 2.3094010767585034, 2.3094010767585034], [9.237604307034013, 0.0, 4.618802153517007], [6.9282032302755105, 2.3094010767585034, 4.618802153517007], [6.9282032302755105, 0.0, 2.3094010767585034]], Any[], Any[], 0.0)
[6.9282032302755105, 9.237604307034013, 2.3094010767585034]=>Main.Generator.Node(StaticArraysCore.SVector{3, Float64}[[8.082903768654763, 8.082903768654763, 1.1547005383792517], [5.773502691896258, 8.082903768654763, 3.4641016151377553]], Any[], Any[], 0.0)
[6.9282032302755105, 4.618802153517007, 6.9282032302755105]=>Main.Generator.Node(StaticArraysCore.SVector{3, Float64}[[8.082903768654763, 3.4641016151377553, 5.773502691896258], [5.773502691896258, 3.4641016151377553, 8.082903768654763], [8.082903768654763, 5.773502691896258, 8.082903768654763], [5.773502691896258, 5.773502691896258, 5.773502691896258]], Any[], Any[], 0.0)
[0.0, 9.237604307034013, 9.237604307034013]=>Main.Generator.Node(StaticArraysCore.SVector{3, Float64}[[1.1547005383792517, 8.082903768654763, 8.082903768654763]], Any[], Any[], 0.0)
[4.618802153517007, 2.3094010767585034, 6.9282032302755105]=>Main.Generator.Node(StaticArraysCore.SVector{3, Float64}[[3.4641016151377553, 1.1547005383792517, 8.082903768654763], [3.4641016151377553, 3.4641016151377553, 5.773502691896258], [5.773502691896258, 1.1547005383792517, 5.773502691896258], [5.773502691896258, 3.4641016151377553, 8.082903768654763]], Any[], Any[], 0.0)
[2.3094010767585034, 2.3094010767585034, 9.237604307034013]=>Main.Generator.Node(StaticArraysCore.SVector{3, Float64}[[3.4641016151377553, 1.1547005383792517, 8.082903768654763], [1.1547005383792517, 3.4641016151377553, 8.082903768654763]], Any[], Any[], 0.0)
[8.082903768654763, 8.082903768654763, 1.1547005383792517]=>Main.Generator.Node(StaticArraysCore.SVector{3, Float64}[[9.237604307034013, 6.9282032302755105, 2.3094010767585034], [6.9282032302755105, 6.9282032302755105, 0.0], [9.237604307034013, 9.237604307034013, 0.0], [6.9282032302755105, 9.237604307034013, 2.3094010767585034]], Any[], Any[], 0.0)
[3.4641016151377553, 8.082903768654763, 5.773502691896258]=>Main.Generator.Node(StaticArraysCore.SVector{3, Float64}[[2.3094010767585034, 6.9282032302755105, 4.618802153517007], [4.618802153517007, 6.9282032302755105, 6.9282032302755105], [2.3094010767585034, 9.237604307034013, 6.9282032302755105], [4.618802153517007, 9.237604307034013, 4.618802153517007]], Any[], Any[], 0.0)
[9.237604307034013, 0.0, 4.618802153517007]=>Main.Generator.Node(StaticArraysCore.SVector{3, Float64}[[8.082903768654763, 1.1547005383792517, 3.4641016151377553]], Any[], Any[], 0.0)
[5.773502691896258, 5.773502691896258, 5.773502691896258]=>Main.Generator.Node(StaticArraysCore.SVector{3, Float64}[[4.618802153517007, 4.618802153517007, 4.618802153517007], [6.9282032302755105, 4.618802153517007, 6.9282032302755105], [6.9282032302755105, 6.9282032302755105, 4.618802153517007], [4.618802153517007, 6.9282032302755105, 6.9282032302755105]], Any[], Any[], 0.0)
[6.9282032302755105, 4.618802153517007, 2.3094010767585034]=>Main.Generator.Node(StaticArraysCore.SVector{3, Float64}[[8.082903768654763, 3.4641016151377553, 1.1547005383792517], [5.773502691896258, 3.4641016151377553, 3.4641016151377553], [5.773502691896258, 5.773502691896258, 1.1547005383792517], [8.082903768654763, 5.773502691896258, 3.4641016151377553]], Any[], Any[], 0.0)
[0.0, 4.618802153517007, 9.237604307034013]=>Main.Generator.Node(StaticArraysCore.SVector{3, Float64}[[1.1547005383792517, 3.4641016151377553, 8.082903768654763]], Any[], Any[], 0.0)
[4.618802153517007, 2.3094010767585034, 2.3094010767585034]=>Main.Generator.Node(StaticArraysCore.SVector{3, Float64}[[3.4641016151377553, 1.1547005383792517, 3.4641016151377553], [3.4641016151377553, 3.4641016151377553, 1.1547005383792517], [5.773502691896258, 1.1547005383792517, 1.1547005383792517], [5.773502691896258, 3.4641016151377553, 3.4641016151377553]], Any[], Any[], 0.0)
[9.237604307034013, 9.237604307034013, 4.618802153517007]=>Main.Generator.Node(StaticArraysCore.SVector{3, Float64}[[8.082903768654763, 8.082903768654763, 5.773502691896258]], Any[], Any[], 0.0)
[8.082903768654763, 5.773502691896258, 3.4641016151377553]=>Main.Generator.Node(StaticArraysCore.SVector{3, Float64}[[9.237604307034013, 4.618802153517007, 4.618802153517007], [6.9282032302755105, 4.618802153517007, 2.3094010767585034], [9.237604307034013, 6.9282032302755105, 2.3094010767585034], [6.9282032302755105, 6.9282032302755105, 4.618802153517007]], Any[], Any[], 0.0)
[1.1547005383792517, 8.082903768654763, 3.4641016151377553]=>Main.Generator.Node(StaticArraysCore.SVector{3, Float64}[[2.3094010767585034, 6.9282032302755105, 4.618802153517007], [0.0, 6.9282032302755105, 2.3094010767585034], [2.3094010767585034, 9.237604307034013, 2.3094010767585034], [0.0, 9.237604307034013, 4.618802153517007]], Any[], Any[], 0.0)
[8.082903768654763, 3.4641016151377553, 1.1547005383792517]=>Main.Generator.Node(StaticArraysCore.SVector{3, Float64}[[9.237604307034013, 2.3094010767585034, 2.3094010767585034], [6.9282032302755105, 2.3094010767585034, 0.0], [9.237604307034013, 4.618802153517007, 0.0], [6.9282032302755105, 4.618802153517007, 2.3094010767585034]], Any[], Any[], 0.0)
[1.1547005383792517, 1.1547005383792517, 1.1547005383792517]=>Main.Generator.Node(StaticArraysCore.SVector{3, Float64}[[0.0, 0.0, 0.0], [2.3094010767585034, 2.3094010767585034, 0.0], [2.3094010767585034, 0.0, 2.3094010767585034], [0.0, 2.3094010767585034, 2.3094010767585034]], Any[], Any[], 0.0)
[3.4641016151377553, 3.4641016151377553, 5.773502691896258]=>Main.Generator.Node(StaticArraysCore.SVector{3, Float64}[[2.3094010767585034, 2.3094010767585034, 4.618802153517007], [4.618802153517007, 2.3094010767585034, 6.9282032302755105], [2.3094010767585034, 4.618802153517007, 6.9282032302755105], [4.618802153517007, 4.618802153517007, 4.618802153517007]], Any[], Any[], 0.0)
[9.237604307034013, 9.237604307034013, 0.0]=>Main.Generator.Node(StaticArraysCore.SVector{3, Float64}[[8.082903768654763, 8.082903768654763, 1.1547005383792517]], Any[], Any[], 0.0)
[6.9282032302755105, 2.3094010767585034, 9.237604307034013]=>Main.Generator.Node(StaticArraysCore.SVector{3, Float64}[[8.082903768654763, 1.1547005383792517, 8.082903768654763], [5.773502691896258, 3.4641016151377553, 8.082903768654763]], Any[], Any[], 0.0)
[1.1547005383792517, 3.4641016151377553, 3.4641016151377553]=>Main.Generator.Node(StaticArraysCore.SVector{3, Float64}[[2.3094010767585034, 2.3094010767585034, 4.618802153517007], [0.0, 2.3094010767585034, 2.3094010767585034], [0.0, 4.618802153517007, 4.618802153517007], [2.3094010767585034, 4.618802153517007, 2.3094010767585034]], Any[], Any[], 0.0)
[9.237604307034013, 4.618802153517007, 4.618802153517007]=>Main.Generator.Node(StaticArraysCore.SVector{3, Float64}[[8.082903768654763, 3.4641016151377553, 5.773502691896258], [8.082903768654763, 5.773502691896258, 3.4641016151377553]], Any[], Any[], 0.0)
[0.0, 0.0, 4.618802153517007]=>Main.Generator.Node(StaticArraysCore.SVector{3, Float64}[[1.1547005383792517, 1.1547005383792517, 5.773502691896258]], Any[], Any[], 0.0)
[4.618802153517007, 6.9282032302755105, 6.9282032302755105]=>Main.Generator.Node(StaticArraysCore.SVector{3, Float64}[[3.4641016151377553, 5.773502691896258, 8.082903768654763], [3.4641016151377553, 8.082903768654763, 5.773502691896258], [5.773502691896258, 5.773502691896258, 5.773502691896258], [5.773502691896258, 8.082903768654763, 8.082903768654763]], Any[], Any[], 0.0)
[0.0, 9.237604307034013, 4.618802153517007]=>Main.Generator.Node(StaticArraysCore.SVector{3, Float64}[[1.1547005383792517, 8.082903768654763, 3.4641016151377553]], Any[], Any[], 0.0)
[9.237604307034013, 4.618802153517007, 0.0]=>Main.Generator.Node(StaticArraysCore.SVector{3, Float64}[[8.082903768654763, 3.4641016151377553, 1.1547005383792517]], Any[], Any[], 0.0)
[0.0, 0.0, 0.0]=>Main.Generator.Node(StaticArraysCore.SVector{3, Float64}[[1.1547005383792517, 1.1547005383792517, 1.1547005383792517]], Any[], Any[], 0.0)
[2.3094010767585034, 6.9282032302755105, 9.237604307034013]=>Main.Generator.Node(StaticArraysCore.SVector{3, Float64}[[1.1547005383792517, 8.082903768654763, 8.082903768654763], [3.4641016151377553, 5.773502691896258, 8.082903768654763]], Any[], Any[], 0.0)
[1.1547005383792517, 5.773502691896258, 1.1547005383792517]=>Main.Generator.Node(StaticArraysCore.SVector{3, Float64}[[2.3094010767585034, 4.618802153517007, 2.3094010767585034], [2.3094010767585034, 6.9282032302755105, 0.0], [0.0, 6.9282032302755105, 2.3094010767585034], [0.0, 4.618802153517007, 0.0]], Any[], Any[], 0.0)
[2.3094010767585034, 2.3094010767585034, 4.618802153517007]=>Main.Generator.Node(StaticArraysCore.SVector{3, Float64}[[1.1547005383792517, 1.1547005383792517, 5.773502691896258], [3.4641016151377553, 1.1547005383792517, 3.4641016151377553], [1.1547005383792517, 3.4641016151377553, 3.4641016151377553], [3.4641016151377553, 3.4641016151377553, 5.773502691896258]], Any[], Any[], 0.0)
[8.082903768654763, 8.082903768654763, 5.773502691896258]=>Main.Generator.Node(StaticArraysCore.SVector{3, Float64}[[9.237604307034013, 6.9282032302755105, 6.9282032302755105], [6.9282032302755105, 6.9282032302755105, 4.618802153517007], [9.237604307034013, 9.237604307034013, 4.618802153517007], [6.9282032302755105, 9.237604307034013, 6.9282032302755105]], Any[], Any[], 0.0)
[5.773502691896258, 8.082903768654763, 8.082903768654763]=>Main.Generator.Node(StaticArraysCore.SVector{3, Float64}[[6.9282032302755105, 6.9282032302755105, 9.237604307034013], [6.9282032302755105, 9.237604307034013, 6.9282032302755105], [4.618802153517007, 6.9282032302755105, 6.9282032302755105], [4.618802153517007, 9.237604307034013, 9.237604307034013]], Any[], Any[], 0.0)
[9.237604307034013, 2.3094010767585034, 6.9282032302755105]=>Main.Generator.Node(StaticArraysCore.SVector{3, Float64}[[8.082903768654763, 1.1547005383792517, 8.082903768654763], [8.082903768654763, 3.4641016151377553, 5.773502691896258]], Any[], Any[], 0.0)
[2.3094010767585034, 2.3094010767585034, 0.0]=>Main.Generator.Node(StaticArraysCore.SVector{3, Float64}[[1.1547005383792517, 1.1547005383792517, 1.1547005383792517], [3.4641016151377553, 3.4641016151377553, 1.1547005383792517]], Any[], Any[], 0.0)
[4.618802153517007, 6.9282032302755105, 2.3094010767585034]=>Main.Generator.Node(StaticArraysCore.SVector{3, Float64}[[3.4641016151377553, 5.773502691896258, 3.4641016151377553], [3.4641016151377553, 8.082903768654763, 1.1547005383792517], [5.773502691896258, 5.773502691896258, 1.1547005383792517], [5.773502691896258, 8.082903768654763, 3.4641016151377553]], Any[], Any[], 0.0)
[0.0, 4.618802153517007, 4.618802153517007]=>Main.Generator.Node(StaticArraysCore.SVector{3, Float64}[[1.1547005383792517, 3.4641016151377553, 3.4641016151377553], [1.1547005383792517, 5.773502691896258, 5.773502691896258]], Any[], Any[], 0.0)
[3.4641016151377553, 1.1547005383792517, 8.082903768654763]=>Main.Generator.Node(StaticArraysCore.SVector{3, Float64}[[2.3094010767585034, 0.0, 6.9282032302755105], [4.618802153517007, 0.0, 9.237604307034013], [2.3094010767585034, 2.3094010767585034, 9.237604307034013], [4.618802153517007, 2.3094010767585034, 6.9282032302755105]], Any[], Any[], 0.0)
[1.1547005383792517, 1.1547005383792517, 5.773502691896258]=>Main.Generator.Node(StaticArraysCore.SVector{3, Float64}[[2.3094010767585034, 0.0, 6.9282032302755105], [0.0, 2.3094010767585034, 6.9282032302755105], [2.3094010767585034, 2.3094010767585034, 4.618802153517007], [0.0, 0.0, 4.618802153517007]], Any[], Any[], 0.0)
[8.082903768654763, 3.4641016151377553, 5.773502691896258]=>Main.Generator.Node(StaticArraysCore.SVector{3, Float64}[[9.237604307034013, 2.3094010767585034, 6.9282032302755105], [6.9282032302755105, 2.3094010767585034, 4.618802153517007], [6.9282032302755105, 4.618802153517007, 6.9282032302755105], [9.237604307034013, 4.618802153517007, 4.618802153517007]], Any[], Any[], 0.0)
[5.773502691896258, 3.4641016151377553, 8.082903768654763]=>Main.Generator.Node(StaticArraysCore.SVector{3, Float64}[[6.9282032302755105, 2.3094010767585034, 9.237604307034013], [6.9282032302755105, 4.618802153517007, 6.9282032302755105], [4.618802153517007, 2.3094010767585034, 6.9282032302755105], [4.618802153517007, 4.618802153517007, 9.237604307034013]], Any[], Any[], 0.0)
[9.237604307034013, 2.3094010767585034, 2.3094010767585034]=>Main.Generator.Node(StaticArraysCore.SVector{3, Float64}[[8.082903768654763, 1.1547005383792517, 3.4641016151377553], [8.082903768654763, 3.4641016151377553, 1.1547005383792517]], Any[], Any[], 0.0)
[4.618802153517007, 0.0, 9.237604307034013]=>Main.Generator.Node(StaticArraysCore.SVector{3, Float64}[[3.4641016151377553, 1.1547005383792517, 8.082903768654763]], Any[], Any[], 0.0)
[0.0, 4.618802153517007, 0.0]=>Main.Generator.Node(StaticArraysCore.SVector{3, Float64}[[1.1547005383792517, 5.773502691896258, 1.1547005383792517]], Any[], Any[], 0.0)
[6.9282032302755105, 6.9282032302755105, 9.237604307034013]=>Main.Generator.Node(StaticArraysCore.SVector{3, Float64}[[5.773502691896258, 8.082903768654763, 8.082903768654763], [8.082903768654763, 5.773502691896258, 8.082903768654763]], Any[], Any[], 0.0)
[6.9282032302755105, 2.3094010767585034, 4.618802153517007]=>Main.Generator.Node(StaticArraysCore.SVector{3, Float64}[[5.773502691896258, 1.1547005383792517, 5.773502691896258], [8.082903768654763, 1.1547005383792517, 3.4641016151377553], [5.773502691896258, 3.4641016151377553, 3.4641016151377553], [8.082903768654763, 3.4641016151377553, 5.773502691896258]], Any[], Any[], 0.0)
[4.618802153517007, 9.237604307034013, 9.237604307034013]=>Main.Generator.Node(StaticArraysCore.SVector{3, Float64}[[5.773502691896258, 8.082903768654763, 8.082903768654763]], Any[], Any[], 0.0)
[0.0, 2.3094010767585034, 6.9282032302755105]=>Main.Generator.Node(StaticArraysCore.SVector{3, Float64}[[1.1547005383792517, 1.1547005383792517, 5.773502691896258], [1.1547005383792517, 3.4641016151377553, 8.082903768654763]], Any[], Any[], 0.0)
[6.9282032302755105, 2.3094010767585034, 0.0]=>Main.Generator.Node(StaticArraysCore.SVector{3, Float64}[[5.773502691896258, 1.1547005383792517, 1.1547005383792517], [8.082903768654763, 3.4641016151377553, 1.1547005383792517]], Any[], Any[], 0.0)
